temp1:35
temp2:95
speed:62.3
long:50.7891373581877
lat:-1.0719503807938218